0,1
0,2
0,3
0,4
0,5
0,6
0,7
0,9
0,10
0,11
0,20
0,23
0,25
0,26
0,36
1,0
1,2
1,3
1,4
1,5
1,6
1,7
1,9
1,10
1,11
1,20
1,21
1,23
1,25
1,26
1,36
2,0
2,1
2,3
2,4
2,5
2,6
2,7
2,9
2,10
2,11
2,23
2,25
2,26
2,36
3,0
3,1
3,2
3,4
3,5
3,6
3,7
3,9
3,10
3,11
3,23
3,25
3,26
3,36
4,0
4,1
4,2
4,3
4,5
4,6
4,7
4,9
4,10
4,11
4,23
4,25
4,26
4,36
5,0
5,1
5,2
5,3
5,4
5,6
5,7
5,9
5,10
5,11
5,20
5,23
5,25
5,26
5,36
6,0
6,1
6,2
6,3
6,4
6,5
6,7
6,9
6,10
6,11
6,20
6,21
6,23
6,25
6,26
6,36
7,0
7,1
7,2
7,3
7,4
7,5
7,6
7,9
7,10
7,11
7,23
7,25
7,26
7,36
8,13
8,14
8,32
8,33
8,37
8,38
8,39
8,41
8,45
8,46
8,47
8,48
8,49
8,51
8,52
8,53
8,54
8,55
8,56
8,58
8,59
8,60
8,61
8,62
8,63
8,64
8,65
8,66
9,0
9,1
9,2
9,3
9,4
9,5
9,6
9,7
9,10
9,11
9,19
9,20
9,21
9,22
9,23
9,25
9,26
9,31
9,36
9,39
9,40
10,0
10,1
10,2
10,3
10,4
10,5
10,6
10,7
10,9
10,11
10,19
10,20
10,21
10,22
10,23
10,25
10,26
10,31
10,36
10,40
11,0
11,1
11,2
11,3
11,4
11,5
11,6
11,7
11,9
11,10
11,19
11,20
11,21
11,22
11,23
11,25
11,26
11,31
11,36
11,39
11,40
12,13
12,14
12,15
12,16
12,17
12,32
12,33
12,41
12,42
12,43
12,44
12,45
12,46
12,47
12,48
12,49
12,50
12,51
12,52
12,53
12,54
12,55
12,56
12,57
12,58
12,59
12,60
12,61
12,62
12,63
12,64
12,65
12,66
13,8
13,12
13,14
13,15
13,16
13,17
13,32
13,33
13,41
13,42
13,43
13,45
13,46
13,47
13,48
13,49
13,50
13,51
13,52
13,53
13,54
13,55
13,56
13,57
13,58
13,59
13,60
13,61
13,62
13,64
13,65
13,66
14,8
14,12
14,13
14,15
14,16
14,17
14,32
14,33
14,41
14,42
14,43
14,44
14,45
14,46
14,47
14,48
14,49
14,50
14,51
14,52
14,53
14,54
14,55
14,56
14,57
14,58
14,59
14,60
14,61
14,62
14,63
14,64
14,65
14,66
15,12
15,13
15,14
15,16
15,17
15,32
15,33
15,41
15,42
15,43
15,44
15,45
15,46
15,47
15,48
15,49
15,50
15,51
15,52
15,53
15,54
15,55
15,56
15,57
15,58
15,59
15,60
15,61
15,62
15,63
15,64
15,65
15,66
16,12
16,13
16,14
16,15
16,17
16,32
16,33
16,42
16,43
16,44
16,45
16,47
16,48
16,49
16,50
16,51
16,53
16,56
16,57
16,59
16,60
16,62
16,65
17,12
17,13
17,14
17,15
17,16
17,32
17,33
17,41
17,42
17,43
17,44
17,45
17,46
17,47
17,48
17,49
17,50
17,51
17,52
17,53
17,54
17,55
17,56
17,57
17,58
17,59
17,60
17,61
17,62
17,63
17,64
17,65
17,66
18,19
18,20
18,21
18,22
18,28
18,29
18,30
18,31
18,34
18,35
18,37
18,38
18,40
18,41
18,42
18,43
18,44
18,45
18,46
18,47
18,48
18,49
18,50
18,51
18,52
18,53
18,54
18,55
18,56
18,57
18,58
18,59
18,60
18,61
18,62
18,63
18,64
18,65
18,66
18,67
19,9
19,10
19,11
19,18
19,20
19,21
19,22
19,23
19,24
19,31
19,34
19,35
19,40
19,67
20,0
20,1
20,5
20,6
20,9
20,10
20,11
20,18
20,19
20,21
20,22
20,23
20,24
20,25
20,26
20,31
20,35
20,36
20,37
20,38
20,39
20,40
20,67
21,1
21,6
21,9
21,10
21,11
21,18
21,19
21,20
21,22
21,23
21,24
21,25
21,26
21,31
21,34
21,35
21,36
21,37
21,38
21,39
21,40
21,67
22,9
22,10
22,11
22,18
22,19
22,20
22,21
22,24
22,31
22,34
22,35
22,37
22,38
22,39
22,40
22,41
22,46
22,52
22,54
22,55
22,58
22,61
22,63
22,66
22,67
23,0
23,1
23,2
23,3
23,4
23,5
23,6
23,7
23,9
23,10
23,11
23,19
23,20
23,21
23,25
23,26
23,31
23,36
24,19
24,20
24,21
24,22
24,31
24,34
24,35
24,67
25,0
25,1
25,2
25,3
25,4
25,5
25,6
25,7
25,9
25,10
25,11
25,20
25,21
25,23
25,26
25,31
25,36
25,39
25,40
26,0
26,1
26,2
26,3
26,4
26,5
26,6
26,7
26,9
26,10
26,11
26,20
26,21
26,23
26,25
26,36
26,39
26,40
27,28
27,29
27,30
27,34
27,42
27,43
27,44
27,48
27,49
27,50
27,54
27,57
27,58
27,59
27,61
27,63
27,67
28,18
28,27
28,29
28,30
28,34
28,35
28,42
28,43
28,44
28,48
28,50
28,54
28,57
28,58
28,59
28,61
28,63
28,67
29,18
29,27
29,28
29,30
29,34
29,42
29,43
29,44
29,48
29,49
29,50
29,51
29,52
29,53
29,54
29,56
29,57
29,58
29,59
29,61
29,63
29,65
29,67
30,18
30,27
30,28
30,29
30,34
30,42
30,43
30,44
30,49
30,50
30,54
30,57
30,58
30,59
30,61
30,63
30,67
31,9
31,10
31,11
31,18
31,19
31,20
31,21
31,22
31,23
31,24
31,25
31,34
31,35
31,37
31,38
31,40
31,67
32,8
32,12
32,13
32,14
32,15
32,16
32,17
32,33
32,41
32,42
32,43
32,44
32,45
32,46
32,47
32,48
32,49
32,50
32,51
32,52
32,53
32,54
32,55
32,56
32,57
32,58
32,59
32,60
32,61
32,62
32,63
32,64
32,65
32,66
33,8
33,12
33,13
33,14
33,15
33,16
33,17
33,32
33,41
33,42
33,43
33,44
33,45
33,46
33,47
33,48
33,49
33,50
33,51
33,52
33,53
33,54
33,55
33,56
33,57
33,58
33,59
33,60
33,61
33,62
33,63
33,64
33,65
33,66
34,18
34,19
34,21
34,22
34,24
34,27
34,28
34,29
34,30
34,31
34,35
34,63
34,67
35,18
35,19
35,20
35,21
35,22
35,24
35,28
35,31
35,34
35,67
36,0
36,1
36,2
36,3
36,4
36,5
36,6
36,7
36,9
36,10
36,11
36,20
36,21
36,23
36,25
36,26
37,8
37,18
37,20
37,21
37,22
37,31
37,38
37,39
37,40
37,41
37,45
37,46
37,52
37,54
37,55
37,60
37,61
37,62
37,63
37,64
37,66
37,67
38,8
38,18
38,20
38,21
38,22
38,31
38,37
38,39
38,40
38,41
38,46
38,52
38,55
38,62
38,63
38,64
38,66
38,67
39,8
39,9
39,11
39,20
39,21
39,22
39,25
39,26
39,37
39,38
39,40
40,9
40,10
40,11
40,18
40,19
40,20
40,21
40,22
40,25
40,26
40,31
40,37
40,38
40,39
40,41
40,46
40,55
40,66
40,67
41,8
41,12
41,13
41,14
41,15
41,17
41,18
41,22
41,32
41,33
41,37
41,38
41,40
41,42
41,43
41,44
41,45
41,46
41,47
41,48
41,49
41,50
41,51
41,52
41,53
41,54
41,55
41,56
41,57
41,58
41,59
41,60
41,61
41,62
41,63
41,64
41,65
41,66
41,67
42,12
42,13
42,14
42,15
42,16
42,17
42,18
42,27
42,28
42,29
42,30
42,32
42,33
42,41
42,43
42,44
42,45
42,46
42,47
42,48
42,49
42,50
42,51
42,52
42,53
42,54
42,55
42,56
42,57
42,58
42,59
42,60
42,61
42,62
42,63
42,64
42,65
42,66
42,67
43,12
43,13
43,14
43,15
43,16
43,17
43,18
43,27
43,28
43,29
43,30
43,32
43,33
43,41
43,42
43,44
43,45
43,46
43,47
43,48
43,49
43,50
43,51
43,52
43,53
43,54
43,55
43,56
43,57
43,58
43,59
43,60
43,61
43,62
43,63
43,64
43,65
43,66
43,67
44,12
44,14
44,15
44,16
44,17
44,18
44,27
44,28
44,29
44,30
44,32
44,33
44,41
44,42
44,43
44,45
44,46
44,47
44,48
44,49
44,50
44,51
44,52
44,53
44,54
44,55
44,56
44,57
44,58
44,59
44,60
44,61
44,62
44,63
44,64
44,65
44,66
44,67
45,8
45,12
45,13
45,14
45,15
45,16
45,17
45,18
45,32
45,33
45,37
45,41
45,42
45,43
45,44
45,46
45,47
45,48
45,49
45,50
45,51
45,52
45,53
45,54
45,55
45,56
45,57
45,58
45,59
45,60
45,61
45,62
45,63
45,64
45,65
45,66
45,67
46,8
46,12
46,13
46,14
46,15
46,17
46,18
46,22
46,32
46,33
46,37
46,38
46,40
46,41
46,42
46,43
46,44
46,45
46,47
46,48
46,49
46,50
46,51
46,52
46,53
46,54
46,55
46,56
46,57
46,58
46,59
46,60
46,61
46,62
46,63
46,64
46,65
46,66
46,67
47,8
47,12
47,13
47,14
47,15
47,16
47,17
47,18
47,32
47,33
47,41
47,42
47,43
47,44
47,45
47,46
47,48
47,49
47,50
47,51
47,52
47,53
47,54
47,55
47,56
47,57
47,58
47,59
47,60
47,61
47,62
47,63
47,64
47,65
47,66
47,67
48,8
48,12
48,13
48,14
48,15
48,16
48,17
48,18
48,27
48,28
48,29
48,32
48,33
48,41
48,42
48,43
48,44
48,45
48,46
48,47
48,49
48,50
48,51
48,52
48,53
48,54
48,55
48,56
48,57
48,58
48,59
48,60
48,61
48,62
48,63
48,64
48,65
48,66
48,67
49,8
49,12
49,13
49,14
49,15
49,16
49,17
49,18
49,27
49,29
49,30
49,32
49,33
49,41
49,42
49,43
49,44
49,45
49,46
49,47
49,48
49,50
49,51
49,52
49,53
49,54
49,55
49,56
49,57
49,58
49,59
49,60
49,61
49,62
49,63
49,64
49,65
49,66
49,67
50,12
50,13
50,14
50,15
50,16
50,17
50,18
50,27
50,28
50,29
50,30
50,32
50,33
50,41
50,42
50,43
50,44
50,45
50,46
50,47
50,48
50,49
50,51
50,52
50,53
50,54
50,55
50,56
50,57
50,58
50,59
50,60
50,61
50,62
50,63
50,64
50,65
50,66
50,67
51,8
51,12
51,13
51,14
51,15
51,16
51,17
51,18
51,29
51,32
51,33
51,41
51,42
51,43
51,44
51,45
51,46
51,47
51,48
51,49
51,50
51,52
51,53
51,54
51,55
51,56
51,57
51,58
51,59
51,60
51,61
51,62
51,63
51,64
51,65
51,66
51,67
52,8
52,12
52,13
52,14
52,15
52,17
52,18
52,22
52,29
52,32
52,33
52,37
52,38
52,41
52,42
52,43
52,44
52,45
52,46
52,47
52,48
52,49
52,50
52,51
52,53
52,54
52,55
52,56
52,57
52,58
52,59
52,60
52,61
52,62
52,63
52,64
52,65
52,66
52,67
53,8
53,12
53,13
53,14
53,15
53,16
53,17
53,18
53,29
53,32
53,33
53,41
53,42
53,43
53,44
53,45
53,46
53,47
53,48
53,49
53,50
53,51
53,52
53,54
53,55
53,56
53,57
53,58
53,59
53,60
53,61
53,62
53,63
53,64
53,65
53,66
53,67
54,8
54,12
54,13
54,14
54,15
54,17
54,18
54,22
54,27
54,28
54,29
54,30
54,32
54,33
54,37
54,41
54,42
54,43
54,44
54,45
54,46
54,47
54,48
54,49
54,50
54,51
54,52
54,53
54,55
54,56
54,57
54,58
54,59
54,60
54,61
54,62
54,63
54,64
54,65
54,66
54,67
55,8
55,12
55,13
55,14
55,15
55,17
55,18
55,22
55,32
55,33
55,37
55,38
55,40
55,41
55,42
55,43
55,44
55,45
55,46
55,47
55,48
55,49
55,50
55,51
55,52
55,53
55,54
55,56
55,57
55,58
55,59
55,60
55,61
55,62
55,63
55,64
55,65
55,66
55,67
56,8
56,12
56,13
56,14
56,15
56,16
56,17
56,18
56,29
56,32
56,33
56,41
56,42
56,43
56,44
56,45
56,46
56,47
56,48
56,49
56,50
56,51
56,52
56,53
56,54
56,55
56,57
56,58
56,59
56,60
56,61
56,62
56,63
56,64
56,65
56,66
56,67
57,12
57,13
57,14
57,15
57,16
57,17
57,18
57,27
57,28
57,29
57,30
57,32
57,33
57,41
57,42
57,43
57,44
57,45
57,46
57,47
57,48
57,49
57,50
57,51
57,52
57,53
57,54
57,55
57,56
57,58
57,59
57,60
57,61
57,62
57,63
57,64
57,65
57,66
57,67
58,8
58,12
58,13
58,14
58,15
58,17
58,18
58,22
58,27
58,28
58,29
58,30
58,32
58,33
58,41
58,42
58,43
58,44
58,45
58,46
58,47
58,48
58,49
58,50
58,51
58,52
58,53
58,54
58,55
58,56
58,57
58,59
58,60
58,61
58,62
58,63
58,64
58,65
58,66
58,67
59,8
59,12
59,13
59,14
59,15
59,16
59,17
59,18
59,27
59,28
59,29
59,30
59,32
59,33
59,41
59,42
59,43
59,44
59,45
59,46
59,47
59,48
59,49
59,50
59,51
59,52
59,53
59,54
59,55
59,56
59,57
59,58
59,60
59,61
59,62
59,63
59,64
59,65
59,66
59,67
60,8
60,12
60,13
60,14
60,15
60,16
60,17
60,18
60,32
60,33
60,37
60,41
60,42
60,43
60,44
60,45
60,46
60,47
60,48
60,49
60,50
60,51
60,52
60,53
60,54
60,55
60,56
60,57
60,58
60,59
60,61
60,62
60,63
60,64
60,65
60,66
60,67
61,8
61,12
61,13
61,14
61,15
61,17
61,18
61,22
61,27
61,28
61,29
61,30
61,32
61,33
61,37
61,41
61,42
61,43
61,44
61,45
61,46
61,47
61,48
61,49
61,50
61,51
61,52
61,53
61,54
61,55
61,56
61,57
61,58
61,59
61,60
61,62
61,63
61,64
61,65
61,66
61,67
62,8
62,12
62,13
62,14
62,15
62,16
62,17
62,18
62,32
62,33
62,37
62,38
62,41
62,42
62,43
62,44
62,45
62,46
62,47
62,48
62,49
62,50
62,51
62,52
62,53
62,54
62,55
62,56
62,57
62,58
62,59
62,60
62,61
62,63
62,64
62,65
62,66
62,67
63,8
63,12
63,14
63,15
63,17
63,18
63,22
63,27
63,28
63,29
63,30
63,32
63,33
63,34
63,37
63,38
63,41
63,42
63,43
63,44
63,45
63,46
63,47
63,48
63,49
63,50
63,51
63,52
63,53
63,54
63,55
63,56
63,57
63,58
63,59
63,60
63,61
63,62
63,64
63,65
63,66
63,67
64,8
64,12
64,13
64,14
64,15
64,17
64,18
64,32
64,33
64,37
64,38
64,41
64,42
64,43
64,44
64,45
64,46
64,47
64,48
64,49
64,50
64,51
64,52
64,53
64,54
64,55
64,56
64,57
64,58
64,59
64,60
64,61
64,62
64,63
64,65
64,66
64,67
65,8
65,12
65,13
65,14
65,15
65,16
65,17
65,18
65,29
65,32
65,33
65,41
65,42
65,43
65,44
65,45
65,46
65,47
65,48
65,49
65,50
65,51
65,52
65,53
65,54
65,55
65,56
65,57
65,58
65,59
65,60
65,61
65,62
65,63
65,64
65,66
65,67
66,8
66,12
66,13
66,14
66,15
66,17
66,18
66,22
66,32
66,33
66,37
66,38
66,40
66,41
66,42
66,43
66,44
66,45
66,46
66,47
66,48
66,49
66,50
66,51
66,52
66,53
66,54
66,55
66,56
66,57
66,58
66,59
66,60
66,61
66,62
66,63
66,64
66,65
66,67
67,18
67,19
67,20
67,21
67,22
67,24
67,27
67,28
67,29
67,30
67,31
67,34
67,35
67,37
67,38
67,40
67,41
67,42
67,43
67,44
67,45
67,46
67,47
67,48
67,49
67,50
67,51
67,52
67,53
67,54
67,55
67,56
67,57
67,58
67,59
67,60
67,61
67,62
67,63
67,64
67,65
67,66
